#       x-coordinate        y-coordinate
            0.129823             0.20563
            0.126364            0.207639
            0.122901             0.20964
            0.119432            0.211631
            0.115956            0.213612
            0.112474             0.21558
            0.108982            0.217531
            0.105477             0.21946
            0.101958             0.22136
           0.0984191            0.223225
           0.0948573            0.225046
           0.0912629              0.2268
           0.0876332            0.228481
           0.0839662             0.23008
            0.080263             0.23159
           0.0765214            0.233005
           0.0727433            0.234319
           0.0689303            0.235529
           0.0650841            0.236627
            0.061216            0.237643
           0.0573289            0.238591
           0.0534293            0.239478
           0.0495179            0.240317
           0.0455987            0.241117
           0.0416743             0.24189
           0.0377472            0.242648
           0.0338171            0.243393
           0.0298849            0.244126
           0.0259499            0.244849
            0.022014            0.245557
           0.0180735            0.246248
           0.0141298            0.246916
           0.0101819            0.247557
          0.00622844            0.248168
          0.00226862            0.248731
         -0.00169734            0.249252
         -0.00566881            0.249733
          -0.0096447            0.250171
          -0.0136256            0.250562
          -0.0176111            0.250899
          -0.0216002            0.251199
           -0.025591            0.251463
          -0.0295846            0.251694
          -0.0335808            0.251876
          -0.0375779            0.252027
          -0.0415757            0.252145
          -0.0455751            0.252228
          -0.0495745            0.252267
          -0.0535745            0.252272
          -0.0575741            0.252247
          -0.0615743             0.25219
          -0.0655727            0.252089
          -0.0695713            0.251961
          -0.0735678            0.251809
          -0.0775638            0.251628
          -0.0815575             0.25141
          -0.0855508             0.25117
          -0.0895427            0.250908
          -0.0935313            0.250617
           -0.097519            0.250298
           -0.101504            0.249957
           -0.105487            0.249593
           -0.109468            0.249197
           -0.113446            0.248785
           -0.117424            0.248356
           -0.121397            0.247894
           -0.125368            0.247416
           -0.129338            0.246922
           -0.133303            0.246402
           -0.137268            0.245867
            -0.14123             0.24532
            -0.14519            0.244754
           -0.149148            0.244173
           -0.153104            0.243582
           -0.157058            0.242976
            -0.16101            0.242359
            -0.16496            0.241732
           -0.168909            0.241094
           -0.172855             0.24044
             -0.1768            0.239778
           -0.180742            0.239103
           -0.184682            0.238411
            -0.18862            0.237708
           -0.192555            0.236988
           -0.196487            0.236255
           -0.200418            0.235513
           -0.204344            0.234748
           -0.208268            0.233972
            -0.21219            0.233187
           -0.216109            0.232383
           -0.220025            0.231571
            -0.22394            0.230751
           -0.227851            0.229914
           -0.231762            0.229071
            -0.23567            0.228218
           -0.239575            0.227354
           -0.243479            0.226484
           -0.247381            0.225602
            -0.25128            0.224712
           -0.255178            0.223816
           -0.259075            0.222907
           -0.262969            0.221993
            -0.26686            0.221069
           -0.270749            0.220134
           -0.274638            0.219193
           -0.278523            0.218244
           -0.282406            0.217286
           -0.286289            0.216322
           -0.290167            0.215343
           -0.294044            0.214359
           -0.297917            0.213362
           -0.301788            0.212353
           -0.305658            0.211338
           -0.309523             0.21031
           -0.313386            0.209271
           -0.317246            0.208224
           -0.321103            0.207162
           -0.324958            0.206093
           -0.328809            0.205013
           -0.332657            0.203924
           -0.336505             0.20283
            -0.34035            0.201725
           -0.344194             0.20062
           -0.348038            0.199515
           -0.351879            0.198396
           -0.355717            0.197271
           -0.359551            0.196131
           -0.363386            0.194992
            -0.36722            0.193852
           -0.371054            0.192713
           -0.374887            0.191567
           -0.378716            0.190411
           -0.382541            0.189241
           -0.386365            0.188067
           -0.390189            0.186893
           -0.394009            0.185709
           -0.397827            0.184517
           -0.401641            0.183308
           -0.405451            0.182091
           -0.409259            0.180865
           -0.413066            0.179639
           -0.416871            0.178408
           -0.420673            0.177164
           -0.424471            0.175907
           -0.428265            0.174641
           -0.432054             0.17336
           -0.435836            0.172056
           -0.439613            0.170738
           -0.443383            0.169403
           -0.447147            0.168047
           -0.450903            0.166671
           -0.454632            0.165226
           -0.458344            0.163735
           -0.462038            0.162202
           -0.465695             0.16058
           -0.469307            0.158862
            -0.47288            0.157065
           -0.476408            0.155178
           -0.479833            0.153114
           -0.483185            0.150931
           -0.486433            0.148595
            -0.48954            0.146076
           -0.492497            0.143382
           -0.495204            0.140437
            -0.49761            0.137242
           -0.499656            0.133804
           -0.501137            0.130089
           -0.501789            0.126142
           -0.501145            0.122195
           -0.499189            0.118706
           -0.496176            0.116074
           -0.492581            0.114321
            -0.48873            0.113241
            -0.48478            0.112604
           -0.480795            0.112258
           -0.476799            0.112099
           -0.472799            0.112064
           -0.468799            0.112142
             -0.4648            0.112244
           -0.460802            0.112348
           -0.456803             0.11244
           -0.452803            0.112484
           -0.448803             0.11247
           -0.444804            0.112409
           -0.440805            0.112301
            -0.43681            0.112113
           -0.432818            0.111862
            -0.42883            0.111547
           -0.424848            0.111168
           -0.420876              0.1107
           -0.416912            0.110156
           -0.412961            0.109539
           -0.409022            0.108841
           -0.405099            0.108058
           -0.401198            0.107174
           -0.397321            0.106187
           -0.393469            0.105114
           -0.389642            0.103948
           -0.385844            0.102695
           -0.382072            0.101361
           -0.378329           0.0999513
           -0.374614           0.0984694
           -0.370918           0.0969385
           -0.367238           0.0953713
            -0.36357           0.0937757
           -0.359912           0.0921588
           -0.356259             0.09053
            -0.35261           0.0888899
           -0.348965           0.0872437
           -0.345319           0.0855984
           -0.341675           0.0839482
           -0.338032           0.0822946
           -0.334392           0.0806384
           -0.330753           0.0789765
           -0.327116            0.077312
           -0.323481           0.0756418
           -0.319851           0.0739624
           -0.316224           0.0722761
             -0.3126           0.0705824
           -0.308981           0.0688787
           -0.305365           0.0671675
           -0.301754           0.0654485
           -0.298146           0.0637207
           -0.294542           0.0619835
           -0.290944           0.0602375
            -0.28735           0.0584819
           -0.283763           0.0567124
           -0.280182           0.0549281
           -0.276613           0.0531247
           -0.273055           0.0512947
           -0.269512           0.0494396
           -0.265985           0.0475523
           -0.262478           0.0456291
           -0.258993           0.0436654
           -0.255533           0.0416585
           -0.252105           0.0395975
           -0.248715           0.0374738
            -0.24536           0.0352958
           -0.242043           0.0330595
           -0.238764           0.0307683
           -0.235521           0.0284272
           -0.232309           0.0260435
           -0.229123           0.0236256
           -0.225951            0.021188
           -0.222777           0.0187538
            -0.21959           0.0163376
           -0.216376           0.0139557
           -0.213127           0.0116214
           -0.209838          0.00934522
           -0.206502          0.00713828
            -0.20312          0.00500122
           -0.199705          0.00292081
            -0.19626         0.000887035
           -0.192793         -0.00110777
           -0.189308          -0.0030714
           -0.185812          -0.0050151
           -0.182309         -0.00694705
           -0.178804         -0.00887381
           -0.175298          -0.0107997
           -0.171796          -0.0127316
           -0.168297           -0.014671
           -0.164802           -0.016616
            -0.16131          -0.0185675
           -0.157823          -0.0205263
           -0.154335          -0.0224847
           -0.150846          -0.0244414
           -0.147356          -0.0263933
            -0.14386          -0.0283396
           -0.140362          -0.0302784
           -0.136859            -0.03221
           -0.133353          -0.0341359
           -0.129848          -0.0360627
           -0.126342          -0.0379886
            -0.12284          -0.0399205
           -0.119341          -0.0418585
           -0.115845          -0.0438031
           -0.112355          -0.0457567
           -0.108865          -0.0477125
           -0.105379          -0.0496744
            -0.10189          -0.0516311
          -0.0983995           -0.053583
          -0.0949044          -0.0555293
          -0.0914057          -0.0574673
           -0.087903          -0.0593984
          -0.0843992          -0.0613277
          -0.0808931           -0.063255
          -0.0773904          -0.0651861
          -0.0738907          -0.0671224
          -0.0703951          -0.0690678
          -0.0669078          -0.0710257
          -0.0634257          -0.0729946
          -0.0599481          -0.0749712
          -0.0564775          -0.0769599
          -0.0530109          -0.0789556
          -0.0495453           -0.080953
          -0.0460812           -0.082953
          -0.0426191          -0.0849565
           -0.039159          -0.0869634
          -0.0357019          -0.0889755
          -0.0322448          -0.0909876
          -0.0287917          -0.0930067
          -0.0253431          -0.0950335
          -0.0218975          -0.0970656
          -0.0184573          -0.0991049
          -0.0150217           -0.101154
          -0.0115924           -0.103213
         -0.00816732            -0.10528
         -0.00474608           -0.107352
         -0.00132735           -0.109429
          0.00209189           -0.111505
          0.00551362           -0.113576
          0.00893736           -0.115644
           0.0123665           -0.117705
           0.0157992           -0.119757
           0.0192343           -0.121807
            0.022669           -0.123856
           0.0261031           -0.125908
           0.0295339           -0.127964
           0.0329615           -0.130027
           0.0363857           -0.132094
           0.0398064           -0.134167
           0.0432277           -0.136239
           0.0466499            -0.13831
           0.0500746           -0.140376
           0.0535043           -0.142436
           0.0569385           -0.144486
           0.0603776           -0.146529
           0.0638217           -0.148564
           0.0672668           -0.150597
           0.0707124           -0.152629
           0.0741561           -0.154662
           0.0775972           -0.156702
           0.0810358           -0.158746
           0.0844716           -0.160793
           0.0879052           -0.162846
           0.0913418           -0.164893
           0.0947835            -0.16693
           0.0982371           -0.168948
            0.101705           -0.170941
            0.105193             -0.1729
            0.108706           -0.174814
            0.112247           -0.176675
            0.115823           -0.178465
            0.119429           -0.180196
            0.123065           -0.181863
            0.126727           -0.183474
            0.130408           -0.185039
            0.134104           -0.186566
            0.137807           -0.188081
            0.141505           -0.189607
            0.145187           -0.191169
            0.148846           -0.192784
            0.152476           -0.194466
             0.15607           -0.196222
            0.159625           -0.198053
            0.163141           -0.199961
            0.166618           -0.201939
            0.170065           -0.203969
            0.173487            -0.20604
            0.176888           -0.208145
             0.18027            -0.21028
            0.183638            -0.21244
             0.18699           -0.214621
            0.190329           -0.216824
            0.193659           -0.219041
            0.196977           -0.221274
            0.200287           -0.223521
            0.203588            -0.22578
            0.206881           -0.228049
             0.21017           -0.230326
             0.21345           -0.232616
            0.216725           -0.234913
            0.219995           -0.237216
            0.223261           -0.239527
            0.226521           -0.241844
            0.229779           -0.244165
            0.233031           -0.246493
            0.236281           -0.248825
             0.23953           -0.251159
            0.242777           -0.253494
            0.246023           -0.255832
            0.249267           -0.258172
            0.252511           -0.260512
             0.25575            -0.26286
            0.258982           -0.265215
             0.26221            -0.26758
            0.265427           -0.269955
            0.268631            -0.27235
            0.271816            -0.27477
             0.27498           -0.277217
            0.278108           -0.279711
            0.281195           -0.282254
            0.284232           -0.284858
            0.287214           -0.287524
            0.290134           -0.290257
            0.292982           -0.293066
            0.295748           -0.295956
            0.298424           -0.298929
            0.301032           -0.301962
            0.303566           -0.305056
            0.306029           -0.308208
            0.308422           -0.311413
            0.310741           -0.314673
            0.313008           -0.317968
            0.315228           -0.321295
            0.317402           -0.324653
            0.319532           -0.328039
            0.321617           -0.331453
            0.323663           -0.334889
            0.325676           -0.338346
            0.327675            -0.34181
            0.329662           -0.345282
             0.33165           -0.348753
             0.33365           -0.352217
            0.335694           -0.355656
            0.337837           -0.359034
            0.340096           -0.362334
            0.342534           -0.365506
             0.34524           -0.368451
            0.348333           -0.370988
            0.351911           -0.372777
            0.355868           -0.373352
            0.359738           -0.372339
            0.362995           -0.370016
            0.365643           -0.367018
             0.36771           -0.363594
            0.369323           -0.359934
            0.370612           -0.356147
            0.371558           -0.352261
            0.372207           -0.348314
            0.372661           -0.344339
            0.372935           -0.340349
            0.373051            -0.33635
            0.373007            -0.33235
            0.372818           -0.328355
             0.37253           -0.324366
            0.372156           -0.320383
            0.371658           -0.316414
            0.371112           -0.312451
             0.37052           -0.308496
            0.369831           -0.304555
            0.369124           -0.300618
            0.368395           -0.296685
             0.36763            -0.29276
            0.366848           -0.288837
            0.366042           -0.284918
            0.365222           -0.281003
            0.364393           -0.277091
            0.363551            -0.27318
             0.36271           -0.269269
            0.361869           -0.265359
            0.361027           -0.261448
            0.360175            -0.25754
            0.359315           -0.253634
            0.358438           -0.249732
             0.35756           -0.245829
            0.356682           -0.241926
             0.35579           -0.238027
            0.354895           -0.234129
            0.353999            -0.23023
            0.353092           -0.226334
            0.352178           -0.222439
            0.351247            -0.21855
            0.350309           -0.214661
            0.349361           -0.210775
            0.348413           -0.206888
            0.347458           -0.203005
            0.346475           -0.199128
            0.345493            -0.19525
            0.344511           -0.191372
            0.343505           -0.187501
            0.342497            -0.18363
            0.341483           -0.179761
             0.34046           -0.175894
            0.339433           -0.172028
            0.338397           -0.168164
            0.337359           -0.164301
            0.336317           -0.160439
            0.335269           -0.156579
            0.334219           -0.152719
            0.333161           -0.148862
            0.332099           -0.145006
            0.331032            -0.14115
            0.329954           -0.137299
             0.32887           -0.133448
            0.327779             -0.1296
            0.326676           -0.125755
            0.325566           -0.121912
             0.32444           -0.118074
            0.323309           -0.114237
            0.322166           -0.110404
             0.32101           -0.106575
            0.319846           -0.102748
             0.31867          -0.0989241
            0.317481          -0.0951051
            0.316284          -0.0912882
            0.315074          -0.0874756
            0.313856          -0.0836651
             0.31263          -0.0798582
            0.311387           -0.076056
            0.310136          -0.0722574
            0.308872          -0.0684621
            0.307594          -0.0646714
            0.306308          -0.0608842
            0.305007          -0.0571019
            0.303694          -0.0533228
            0.302373          -0.0495479
            0.301035          -0.0457777
            0.299688          -0.0420114
            0.298333          -0.0382478
            0.296962            -0.03449
            0.295578          -0.0307372
            0.294184          -0.0269878
            0.292772          -0.0232455
            0.291345          -0.0195093
            0.289907           -0.015777
            0.288449          -0.0120512
             0.28698         -0.00833089
            0.285497         -0.00461611
            0.283996        -0.000908687
            0.282478          0.00279298
            0.280949          0.00648912
            0.279398           0.0101762
            0.277831           0.0138557
            0.276251           0.0175303
             0.27465           0.0211966
            0.273029           0.0248534
            0.271392           0.0285035
            0.269738           0.0321444
            0.268058           0.0357747
            0.266365           0.0393991
            0.264656           0.0430151
             0.26292           0.0466196
            0.261164           0.0502133
             0.25939           0.0537987
            0.257596           0.0573735
            0.255772           0.0609337
            0.253927           0.0644825
             0.25206           0.0680201
             0.25016           0.0715396
            0.248226           0.0750418
            0.246267           0.0785285
            0.244281           0.0820006
            0.242255           0.0854505
            0.240199           0.0888804
            0.238111           0.0922932
            0.235996           0.0956876
            0.233842           0.0990574
            0.231654            0.102407
            0.229438            0.105737
            0.227193            0.109047
             0.22491            0.112332
            0.222585            0.115587
            0.220228            0.118819
            0.217838            0.122026
            0.215414            0.125209
            0.212949            0.128358
            0.210448             0.13148
             0.20792            0.134579
            0.205366            0.137658
             0.20279            0.140718
            0.200193             0.14376
            0.197583            0.146791
            0.194963            0.149815
            0.192337            0.152831
            0.189702            0.155841
            0.187059            0.158844
              0.1844            0.161832
            0.181718            0.164799
             0.17901            0.167743
             0.17627            0.170658
            0.173488            0.173532
            0.170642            0.176343
            0.167736            0.179092
            0.164761            0.181765
            0.161717             0.18436
            0.158603            0.186871
            0.155423            0.189297
            0.152183            0.191642
            0.148878            0.193897
            0.145534            0.196091
            0.142155            0.198232
            0.138749            0.200328
            0.135322            0.202392
            0.131875            0.204422

